0
195297280
377225216
537133056
694157312
845938688
995622912
1140850688
1271136256
1395654656
1526202368
1648361472
1768685568
1889796096
2015100928
2119434240
2217476096
2312896512
2403860480
2465464320
2635071488
2726559744
2726821888
2727084032
2727346176
2727608320
2727870464
2728132608
2728919040
2729181184
2729443328
2729705472
2729967616
2730229760
2730491904
2730754048
2731016192
2731278336
2731540480
2731802624
2732064768
2732326912
2732589056
2732851200
2733113344
2733375488
2733637632
2733899776
2734161920
2734424064
2734686208
2734948352
2735210496
2735472640
2736521216
2736783360
2737045504
2737307648
2737569792
2737831936
2738094080
2738356224
